Properties.r = 6378*10^3; %m
Properties.m = 5.97219*10^24;%kg
Properties.G = 6.67259*10^-11;